15
78
137
264
113
458
157
310
126
276
132
242
37
229
390
498
239
386
466
250
382
175
155
75
46
345
210
302
144
295
268
90
408
421
406
308
515
213
102
21
365
112
76
344
336
96
427
142
225
45
491
159
503
301
485
316
320
238
206
509
393
471
325
181
326
522
1
162
12
342
392
282
249
253
348
134
230
457
205
219
10
433
313
172
378
236
65
362
355
107
432
434
416
179
118
520
7
496
284
224
502
246
343
153
452
340
97
173
409
54
247
188
49
108
100
327
200
443
510
346
56
303
60
233
211
240
71
473
6
8
319
171
415
465
492
435
483
235
385
353
124
261
59
293
419
441
518
315
154
55
194
289
34
407
245
208
196
52
74
26
220
4
339
263
399
5
141
272
135
519
122
22
68
20
455
14
170
351
252
479
64
461
120
81
379
322
190
506
489
160
513
405
298
231
454
468
51
195
191
456
422
354
164
106
428
63
366
186
460
494
278
89
401
332
283
93
318
493
347
297
92
18
463
198
145
158
150
436
39
167
85
445
514
66
329
271
140
101
417
2
437
221
17
146
352
241
281
30
114
424
103
450
330
176
364
116
168
395
311
309
136
410
254
299
411
391
255
232
133
33
511
44
61
199
521
484
418
218
73
35
306
29
444
363
477
217
27
447
312
156
357
367
138
212
104
372
402
374
215
413
189
214
451
204
234
259
67
24
216
300
223
129
111
166
497
487
40
274
380
79
507
462
13
287
439
251
228
161
83
117
508
110
149
152
16
361
331
109
375
139
237
260
381
317
323
429
248
350
414
19
328
296
269
226
412
3
371
125
280
286
77
184
403
512
275
294
469
182
481
80
307
258
11
360
440
86
266
36
193
58
41
270
50
209
438
453
446
123
222
62
504
377
130
187
23
400
43
474
394
0
383
201
368
475
98
387
349
304
292
178
369
256
94
500
95
476
169
69
305
48
341
373
397
207
279
227
148
143
334
180
356
131
482
47
262
324
203
84
426
121
516
467
495
488
384
91
82
430
267
119
358
291
57
425
321
257
376
480
442
42
105
388
499
273
478
38
389
53
420
470
128
290
28
183
370
459
163
151
244
202
31
32
127
185
505
449
288
423
398
490
147
285
501
177
517
99
338
448
431
335
197
243
464
115
404
265
72
333
25
165
337
88
174
87
486
314
396
472
70
277
9
359
192